{"columns": ["call_charm", "call_delta", "call_gamma", "call_rho", "call_theta", "call_vanna", "call_vega", "call_vomma", "put_charm", "put_delta", "put_gamma", "put_rho", "put_theta", "put_vanna", "put_vega", "put_vomma"], "matrix": [[1.0, 1.0, -0.5442, 0.9962, -0.5647, -1.0, 0.4534, -0.8032, 1.0, 1.0, -0.5442, 0.9963, -0.5991, -1.0, 0.4534, -0.8032], [1.0, 1.0, -0.5441, 0.9961, -0.5699, -1.0, 0.4549, -0.8063, 1.0, 1.0, -0.5441, 0.9965, -0.6042, -1.0, 0.4549, -0.8063], [-0.5442, -0.5441, 1.0, -0.5789, 0.606, 0.5467, -0.3538, 0.1506, -0.5442, -0.5441, 1.0, -0.4988, 0.6145, 0.5467, -0.3538, 0.1506], [0.9962, 0.9961, -0.5789, 1.0, -0.6003, -0.9959, 0.518, -0.8054, 0.9962, 0.9961, -0.5789, 0.9854, -0.6333, -0.9959, 0.518, -0.8054], [-0.5647, -0.5699, 0.606, -0.6003, 1.0, 0.5685, -0.7744, 0.6836, -0.5647, -0.5699, 0.606, -0.5343, 0.9991, 0.5685, -0.7744, 0.6836], [-1.0, -1.0, 0.5467, -0.9959, 0.5685, 1.0, -0.4514, 0.8033, -1.0, -1.0, 0.5467, -0.9966, 0.6028, 1.0, -0.4514, 0.8033], [0.4534, 0.4549, -0.3538, 0.518, -0.7744, -0.4514, 1.0, -0.6754, 0.4534, 0.4549, -0.3538, 0.3957, -0.7733, -0.4514, 1.0, -0.6754], [-0.8032, -0.8063, 0.1506, -0.8054, 0.6836, 0.8033, -0.6754, 1.0, -0.8032, -0.8063, 0.1506, -0.8057, 0.7051, 0.8033, -0.6754, 1.0], [1.0, 1.0, -0.5442, 0.9962, -0.5647, -1.0, 0.4534, -0.8032, 1.0, 1.0, -0.5442, 0.9963, -0.5991, -1.0, 0.4534, -0.8032], [1.0, 1.0, -0.5441, 0.9961, -0.5699, -1.0, 0.4549, -0.8063, 1.0, 1.0, -0.5441, 0.9965, -0.6042, -1.0, 0.4549, -0.8063], [-0.5442, -0.5441, 1.0, -0.5789, 0.606, 0.5467, -0.3538, 0.1506, -0.5442, -0.5441, 1.0, -0.4988, 0.6145, 0.5467, -0.3538, 0.1506], [0.9963, 0.9965, -0.4988, 0.9854, -0.5343, -0.9966, 0.3957, -0.8057, 0.9963, 0.9965, -0.4988, 1.0, -0.5696, -0.9966, 0.3957, -0.8057], [-0.5991, -0.6042, 0.6145, -0.6333, 0.9991, 0.6028, -0.7733, 0.7051, -0.5991, -0.6042, 0.6145, -0.5696, 1.0, 0.6028, -0.7733, 0.7051], [-1.0, -1.0, 0.5467, -0.9959, 0.5685, 1.0, -0.4514, 0.8033, -1.0, -1.0, 0.5467, -0.9966, 0.6028, 1.0, -0.4514, 0.8033], [0.4534, 0.4549, -0.3538, 0.518, -0.7744, -0.4514, 1.0, -0.6754, 0.4534, 0.4549, -0.3538, 0.3957, -0.7733, -0.4514, 1.0, -0.6754], [-0.8032, -0.8063, 0.1506, -0.8054, 0.6836, 0.8033, -0.6754, 1.0, -0.8032, -0.8063, 0.1506, -0.8057, 0.7051, 0.8033, -0.6754, 1.0]]}